((("M_PI" .
   [3 0 0 0])
  ("sfGreen" .
   [2 0 0 0 0 0 0])
  ("my_3DF" .
   [0 0 0 0 1 0])
  ("var" .
   [1 0 0])
  ("intersect_cyl" .
   [0 0 0 1 0 0 0 0 0 0 1 0 0])
  ("100" .
   [2 0 0])
  ("pos_obj" .
   [0 0 1 0 0 0 1])
  ("val" .
   [3 0 0])
  ("cor" .
   [2 0 0])
  ("buffer" .
   [0 0 0 1 1 0])
  ("sphere2" .
   [1 0 0 0 0 0 0])
  ("structure" .
   [0 0 0 2 0 0 0 0 0])
  ("drawp" .
   [0 0 2 0 0])
  ("sfBlue" .
   [13 0 0 0 1 0])
  ("kpl" .
   [17 0 0])
  ("ksl" .
   [1 0 0])
  ("my_put_pixel" .
   [0 0 1 1 0 0 7 1 1 0 0 1])
  ("sfBlack" .
   [10 0 0 0 0 0 0])
  ("200" .
   [16 0 0])
  ("my_3Df" .
   [0 0 2 0 0 6])
  ("HAUTEUR" .
   [0 0 1 5 0 0 0])
  ("define" .
   [1 0 0 0 0 0])
  ("LARGEUR" .
   [0 0 2 3 0 1 0])
  ("xn" .
   [1 0])
  ("x1" .
   [4 0])
  ("std" .
   [1 0 0])
  ("1000" .
   [5 0 0 0])
  ("atof" .
   [2 0 0 0])
  ("for" .
   [3 0 0])
  ("namespace" .
   [0 0 0 0 1 0 0 0 0])
  ("using" .
   [0 0 0 0 1])
  ("intersect_plane" .
   [1 0 0 0 0 0 0 0 0 0 0 0 0 0 0])
  ("radius" .
   [1 0 3 5 0 0])
  ("powf" .
   [9 0 0 3])
  ("screen_" .
   [0 0 0 0 0 0 1])
  ("screen_pos" .
   [0 0 0 1 0 0 0 0 0 0])
  ("scree_size" .
   [0 0 0 0 0 0 0 0 0 1])
  ("screen_size" .
   [1 0 0 0 0 0 1 0 0 0 1])
  ("sfVector3f" .
   [5 0 1 6 4 1 0 0 0 11])
  ("calc_dir_vector" .
   [0 0 0 1 0 0 0 0 0 0 0 0 0 0 0])
  ("pointerf" .
   [1 0 0 0 0 0 0 0])
  ("pointer" .
   [0 0 0 0 0 0 1])
  ("MY_PRINTF" .
   [0 0 1 1 0 0 0 0 0])
  ("my_printf" .
   [1 0 0 0 0 0 0 0 0])
  ("sfRed" .
   [13 0 1 0 0])
  ("direction" .
   [0 0 0 0 1 0 0 0 0])
  ("float" .
   [45 0 1 2 1])
  ("pos" .
   [1 0 0])
  ("posf" .
   [1 0 0 0])
  ("180" .
   [5 0 0])
  ("14" .
   [1 0])
  ("my_getnbr_base" .
   [1 0 0 0 0 0 1 0 0 0 0 0 0 0])
  ("rest" .
   [4 0 0 0])
  ("base" .
   [7 0 0 0])
  ("my_put_nbrbase" .
   [2 0 0 0 0 0 0 1 0 0 0 0 0 0])
  ("my_putchar" .
   [8 0 1 0 0 0 0 0 0 0])
  ("my_put_nbr" .
   [1 0 0 0 0 0 0 0 0 1])
  ("r31" .
   [2 0 0])
  ("rand_col" .
   [1 0 0 0 0 0 0 1])
  ("gen" .
   [2 0 0])
  ("my_reor" .
   [1 0 0 0 0 1 1])
  ("save2" .
   [2 0 0 0 0])
  ("free" .
   [1 0 0 0])
  ("format_map_lines" .
   [0 0 0 0 0 0 0 1 0 0 1 0 0 0 0 0])
  ("my_scanf" .
   [0 0 0 0 2 0 0 0])
  ("puts" .
   [3 0 0 0])
  ("my_power_rec" .
   [1 0 0 0 0 0 0 1 0 0 0 0])
  ("res" .
   [4 0 0])
  ("my_revstr" .
   [0 0 0 1 0 1 0 0 0])
  ("convert_dtbin" .
   [0 0 0 0 0 0 1 0 1 1 0 0 1])
  ("checker" .
   [5 0 0 3 2 3 1])
  ("opt" .
   [7 0 0])
  ("check_lines" .
   [1 0 0 0 0 0 1 0 0 0 0])
  ("check_n_numbers" .
   [0 0 0 0 0 0 0 1 1 0 0 0 0 0 0])
  ("check_format" .
   [0 0 0 0 0 0 1 0 0 0 0 0])
  ("check_numbers" .
   [1 0 0 0 0 1 0 1 2 0 0 0 1])
  ("check_letters" .
   [2 0 0 0 0 0 0 0 4 1 0 0 0])
  ("my_strlen" .
   [0 0 0 0 2 1 0 0 1])
  ("check_nbboat" .
   [0 0 0 0 0 1 1 0 0 0 1 0])
  ("map" .
   [198 0 1])
  ("check_map" .
   [1 0 0 0 0 2 0 0 0])
  ("in_range" .
   [0 0 0 2 0 0 0 0])
  ("av2" .
   [4 0 1])
  ("av1" .
   [4 0 0])
  ("mypid" .
   [0 0 2 0 1])
  ("color" .
   [1 0 0 0 0])
  ("from" .
   [3 0 0 0])
  ("framebuffer" .
   [0 0 1 0 0 0 0 0 0 0 0])
  ("my_draw_line" .
   [0 0 0 0 0 1 0 0 0 0 0 0])
  ("list_len" .
   [1 0 0 0 0 0 0 0])
  ("elem" .
   [13 0 0 2])
  ("s_list" .
   [2 0 4 5 0 0])
  ("write" .
   [1 0 0 0 0])
  ("out" .
   [52 0 0])
  ("data" .
   [15 0 1 0])
  ("envi" .
   [15 0 0 5])
  ("d_list" .
   [0 0 3 0 0 1])
  ("left" .
   [2 0 0 0])
  ("key" .
   [1 0 0])
  ("root" .
   [5 0 0 0])
  ("tree" .
   [4 0 1 0])
  ("s_btree" .
   [0 0 1 1 0 0 0])
  ("btree" .
   [1 0 1 0 1])
  ("typedef" .
   [1 0 2 1 6 0 0])
  ("LIBRARY_PATH:/home/bryan-maloyer/.graph_programming/lib" .
   [0 0 0 0 0 0 0 0 0 0 0 0 0 0 0 0 0 0 0 0 0 0 1 0 0 0 0 0 0 0 0 0 0 0 0 0 0 0 0 0 0 0 0 0 0 0 0 0 0 0 0 0 0 0 0])
  ("PATH" .
   [1 0 0 0])
  ("/home/bryan-maloyer/bin/" .
   [0 0 0 0 0 0 0 0 0 0 0 0 0 0 0 0 0 0 0 0 1 0 0 0])
  ("/home/bryan-maloyer/" .
   [0 0 0 0 0 0 0 0 1 0 0 0 0 0 0 0 0 0 0 0])
  ("main" .
   [13 0 0 0])
  ("NULL" .
   [33 0 2 0])
  ("else" .
   [41 0 0 1])
  ("get_word" .
   [1 0 0 0 0 0 0 0])
  ("size" .
   [4 0 0 0])
  ("word" .
   [5 0 0 0])
  ("126" .
   [3 0 0])
  ("if" .
   [84 0])
  ("struct" .
   [4 0 1 12 1 1])
  ("Last" .
   [0 0 1 0])
  ("argv" .
   [0 0 0 1])
  ("static" .
   [1 0 0 0 1 0])
  ("include" .
   [33 0 0 1 1 0 0])
  ("int" .
   [260 0 0])
  ("char" .
   [190 0 0 1])
  ("my_str_to_wordtab" .
   [0 0 0 0 0 0 0 0 1 0 0 0 0 0 0 0 0])
  ("str" .
   [30 0 1])
  ("tab" .
   [20 0 0])
  ("malloc" .
   [15 0 0 0 2 0])
  ("sizeof" .
   [10 0 0 5 15 0])
  ("count_words" .
   [0 0 0 0 0 0 0 1 0 0 0])
  ("while" .
   [82 0 3 0 0])
  ("return" .
   [16 0 1 2 0 106])
  ("break" .
   [4 0 0 1 1])
  ("alias" .
   [1 0 0 0 0])
  ("my_strtowtb" .
   [2 0 1 4 1 0 0 0 0 0 1])
  ("src" .
   [11 0 0])
  ("sep" .
   [3 0 0])
  ("ret" .
   [23 0 6])
  ("len" .
   [11 0 0])
  ("temp" .
   [3 0 0 0])
  ("dest" .
   [2 0 0 1])
  ("dlist" .
   [1 0 0 1 0])
  ("s_dlist" .
   [0 0 0 1 0 0 0])
  ("list" .
   [16 0 0 2])
  ("next" .
   [15 0 0 0])
  ("MY_H_" .
   [0 0 0 2 0])
  ("void" .
   [51 0 0 0])
  ("liste" .
   [1 0 0 0 0])
  ("push_end" .
   [0 0 0 0 1 0 0 0])
  ("stock_env" .
   [0 0 0 0 0 1 0 0 0])
  ("path" .
   [9 0 0 0])
  ("strlen" .
   [1 0 0 0 0 0])
  ("s_var" .
   [1 0 0 1 0])
  ("brk" .
   [2 0 1])
  ("my_putstr" .
   [0 0 2 2 0 0 0 0 5])
  ("my_puttab" .
   [0 0 0 0 0 1 0 0 0])
  ("enum" .
   [4 0 1 0])
  ("test_dir" .
   [0 0 0 0 1 0 0 0])
  ("my_putnbr" .
   [0 0 0 2 1 0 0 0 0])
  ("getpid" .
   [0 0 0 1 0 1])
  ("signal_handler" .
   [8 0 0 0 0 0 1 2 0 0 0 0 0 3])
  ("sig" .
   [24 0 0])
  ("signal" .
   [3 0 0 1 0 1])
  ("atoi" .
   [6 0 0 0])
  ("av" .
   [3 0])
  ("unsigned" .
   [1 0 3 0 2 0 0 1])
  ("save" .
   [17 0 0 0])
  ("printf" .
   [10 0 0 0 1 1])
  ("boat_2" .
   [1 0 0 0 0 1])
  ("check_boat" .
   [1 0 0 0 0 0 0 1 0 4])
  ("pid" .
   [12 0 0])
  ("convert_btdec" .
   [0 0 0 0 1 0 0 0 1 0 0 0 0])
  ("sigaction" .
   [1 0 0 0 0 1 0 0 0])
  ("get_next_line" .
   [0 0 0 2 0 0 0 0 0 0 0 0 0])
  ("map_e" .
   [3 0 0 0 0])
  ("format_map" .
   [3 0 0 1 0 0 0 0 0 1])
  ("find_str" .
   [0 0 0 0 2 0 1 0])
  ("my_swap" .
   [0 0 2 0 0 1 3])
  ("my_tabupcas" .
   [0 0 0 1 0 0 0 0 0 0 0])
  ("my_reor2" .
   [1 0 0 0 0 0 0 0])
  ("set_good_format" .
   [0 0 1 0 1 0 0 0 0 0 0 0 0 0 0])
  ("gen_map" .
   [4 0 0 2 0 0 3])
  ("rand" .
   [4 0 0 0])
  ("ran" .
   [6 0 0])
  ("rand_line" .
   [1 0 0 0 0 0 0 0 0])
  ("r32" .
   [3 0 0])
  ("my_getnbr" .
   [2 0 0 0 0 0 0 0 0])
  ("neg" .
   [3 0 0])
  ("dir" .
   [9 0 0])
  ("my_strdup" .
   [0 0 0 0 1 0 0 0 0])
  ("LIB_H" .
   [0 0 0 2 0])
  ("file" .
   [4 0 0 0])
  ("fd" .
   [1 0])
  ("va_list" .
   [0 0 0 0 0 0 1])
  ("va_arg" .
   [0 0 0 0 1 3])
  ("va_" .
   [0 0 1])
  ("call" .
   [1 0 0 0])
  ("continue" .
   [1 0 0 0 0 0 0 0])
  ("t_list" .
   [2 0 2 1 0 0])
  ("M_Node" .
   [6 0 9 5 0 0])
  ("first_node" .
   [1 0 0 3 2 0 0 0 0 0])
  ("el" .
   [6 0])
  ("add_nodef" .
   [1 0 0 1 0 0 0 0 0])
  ("intersect_sphere" .
   [0 0 0 0 1 5 0 0 1 0 1 1 1 0 0 2])
  ("sfVector3fn" .
   [0 0 1 0 0 0 0 0 0 0 0])
  ("dir_vector" .
   [4 0 2 32 5 0 0 0 0 0])
  ("pow" .
   [6 0 0])
  ("eye_pos" .
   [1 0 5 22 0 0 0])
  ("delta" .
   [2 0 0 2 3])
  ("500" .
   [4 0 0])
  ("cout" .
   [1 0 0 0])
  ("endl" .
   [1 0 0 0])
  ("t_my_framebuffer" .
   [0 0 2 0 0 0 0 0 0 0 0 0 0 0 0 0])
  ("frm" .
   [19 0 1])
  ("height" .
   [0 0 1 10 0 0])
  ("width" .
   [1 0 6 5 0])
  ("ksp" .
   [21 0 0])
  ("v_dir" .
   [1 0 1 4 0])
  ("sfVector2i" .
   [2 0 0 0 0 0 0 0 0 1])
  ("my_2Di" .
   [0 0 1 0 1 2])
  ("eye" .
   [6 0 0])
  ("sphere" .
   [12 0 0 0 1 3])
  ("plan" .
   [19 0 0 0])
  ("400" .
   [1 0 0])
  ("event" .
   [1 0 0 0 0])
  ("type" .
   [1 0 0 0])
  ("sfKeyboard_isKeyPressed" .
   [0 0 0 0 0 1 0 0 0 0 0 0 0 0 0 0 0 0 0 0 0 0 0])
  ("25" .
   [2 0])
  ("LISTE_H" .
   [1 0 2 0 0 0 0])
  ("s_cylindre" .
   [0 0 0 0 1 0 0 0 0 0])
  ("s_cone" .
   [1 0 0 0 0 0])
  ("150" .
   [1 0 0])
  ("intersect_cone" .
   [0 0 0 0 0 0 0 0 0 0 1 0 0 0])
  ("tan" .
   [2 0 0])))
