((("bef" .
   [1 0 0])
  ("term" .
   [2 0 0 0])
  ("do_m3" .
   [1 0 0 0 0])
  ("do_m" .
   [1 0 0 0])
  ("do_p" .
   [1 0 0 0])
  ("do" .
   [2 0])
  ("do_ia" .
   [0 0 1 0 0])
  ("print_map2" .
   [1 0 0 0 0 0 0 0 0 0])
  ("tetri_nbr" .
   [1 0 0 0 0 0 0 0 0])
  ("line" .
   [2 0 0 0])
  ("maxl" .
   [5 0 0 0])
  ("tetri_name" .
   [0 0 0 0 0 0 2 0 0 0])
  ("tetri" .
   [11 0 2 0 2])
  ("piece" .
   [6 0 0 0 0])
  ("tetrix" .
   [1 0 0 0 0 0])
  ("tri_tetri" .
   [0 0 0 0 0 0 1 0 0])
  ("lnum" .
   [2 0 0 0])
  ("key_q" .
   [1 0 0 0 0])
  ("key_t" .
   [2 0 0 0 0])
  ("key_r" .
   [2 0 0 0 0])
  ("key_l" .
   [2 0 0 0 0])
  ("log" .
   [1 0 0])
  ("console" .
   [1 0 0 0 1 0 0])
  ("datas" .
   [3 0 0 0 0])
  ("long" .
   [0 0 1 0])
  ("write" .
   [4 0 0 0 0])
  ("intersect_cylindre" .
   [1 0 0 0 0 0 0 0 0 0 0 0 0 0 0 0 0 0])
  ("intersect_sphere" .
   [1 0 0 0 0 0 0 0 0 0 0 0 0 0 0 0])
  ("radius" .
   [1 0 0 0 0 0])
  ("debug" .
   [5 0 0 0 0])
  ("init_struct" .
   [0 0 0 0 0 1 0 0 0 0 0])
  ("key_p" .
   [3 0 0 0 0])
  ("key_d" .
   [8 0 0 0 0])
  ("prep_p1" .
   [0 0 0 0 1 0 0])
  ("do_p2" .
   [2 0 0 0 0])
  ("do_p1" .
   [1 0 0 0 0])
  ("get_pos" .
   [1 0 0 0 0 0 0])
  ("play" .
   [1 0 0 0])
  ("playerctl" .
   [1 0 0 0 0 0 0 0 0])
  ("g_connected" .
   [0 0 0 0 1 0 0 0 0 0 0])
  ("include" .
   [8 0 0 0 0 0 0])
  ("t_my_navy" .
   [0 0 0 1 6 0 0 0 0])
  ("break" .
   [2 0 0 0 0])
  ("size" .
   [12 0 0 0])
  ("sizeof" .
   [5 0 0 0 0 0])
  ("struct_init" .
   [0 0 0 0 0 0 0 1 0 0 0])
  ("t_my_stick" .
   [2 0 4 5 3 1 0 0 1 0])
  ("struct" .
   [0 0 0 1 1 0])
  ("else" .
   [10 0 0 0])
  ("is_up" .
   [3 0 0 0 0])
  ("cos" .
   [1 0 0])
  ("sfBlack" .
   [13 0 0 2 0 0 1])
  ("sfGreen" .
   [1 0 0 0 0 0 0])
  ("sfBlue" .
   [7 0 0 0 3 0])
  ("sfRed" .
   [1 0 0 0 0])
  ("180" .
   [1 0 0])
  ("M_PI" .
   [1 0 0 0])
  ("255" .
   [8 0 0])
  ("eye" .
   [1 0 0])
  ("sfWhite" .
   [2 0 0 0 0 0 1])
  ("color" .
   [32 0 0 0 0])
  ("sfColor" .
   [0 0 0 0 2 0 0])
  ("pos2" .
   [16 0 0 0])
  ("scal" .
   [2 0 0 0])
  ("sqrt" .
   [1 0 0 0])
  ("pos_ver" .
   [1 0 0 4 1 1 0])
  ("lum_ver" .
   [2 0 1 6 0 0 1])
  ("inter" .
   [4 0 0 0 0])
  ("calc_lum_vector" .
   [0 0 0 0 1 1 0 0 0 0 0 0 0 0 0])
  ("return" .
   [35 0 2 1 3 1])
  ("pos" .
   [6 0 0])
  ("280" .
   [1 0 0])
  ("lum" .
   [11 0 0])
  ("float" .
   [8 0 0 0 0])
  ("t_my_ray" .
   [2 0 0 0 0 0 0 0])
  ("cone" .
   [6 0 0 0])
  ("cylindre" .
   [2 0 3 0 1 0 0 0])
  ("sphere" .
   [15 0 0 2 0 0])
  ("dir_vector" .
   [0 0 0 2 0 1 0 0 0 0])
  ("plane" .
   [9 0 0 0 0])
  ("sfVector3f" .
   [0 0 1 4 0 4 0 1 1 0])
  ("int" .
   [57 0 0])
  ("free" .
   [0 0 1 0])
  ("printf" .
   [0 0 0 0 1 0])
  ("buff" .
   [23 0 0 0])
  ("char" .
   [10 0 0 0])
  ("tmp" .
   [23 0 0])
  ("calc_dir_vector" .
   [0 0 0 0 0 0 0 0 0 0 0 1 0 0 0])
  ("sfColor_add" .
   [4 0 0 0 0 0 0 0 0 0 0])
  ("sfColor_modulate" .
   [3 0 0 0 0 0 0 0 0 0 0 0 0 0 0 0])
  ("while" .
   [13 0 0 0 0])
  ("eye_pos" .
   [0 0 0 3 0 0 0])
  ("void" .
   [8 0 0 0])
  ("init_map" .
   [1 0 0 0 0 0 0 0])
  ("malloc" .
   [2 0 0 0 0 0])
  ("map" .
   [3 0 0])
  ("print_map" .
   [0 0 0 0 0 1 2 0 0])
  ("max_l" .
   [2 0 0 0 0])
  ("my_putchar" .
   [6 0 0 0 0 0 1 1 2 0])
  ("check_entry" .
   [1 0 0 0 0 4 0 0 0 0 0])
  ("my_strlen" .
   [6 0 0 0 0 0 0 0 0])
  ("my_getnbr" .
   [5 0 0 0 0 0 1 0 0])
  ("continue" .
   [3 0 0 1 2 1 0 0])
  ("print_turn" .
   [0 0 0 0 0 0 0 1 0 0])
  ("my_putstr" .
   [25 0 0 0 1 0 0 1 0])
  ("line_t" .
   [1 0 0 0 0 0])
  ("my_printf" .
   [11 0 3 0 0 1 1 1 0])
  ("if" .
   [2 0])
  ("rand" .
   [2 0 0 0])
  ("NULL" .
   [6 0 0 0])
  ("max" .
   [6 0 0])
  ("final" .
   [1 0 0 0 0])
  ("/dev/null" .
   [2 0 0 0 0 0 0 0 0])
  ("light" .
   [1 0 0 0 0])
  ("tlight" .
   [1 0 0 0 0 0])
  ("get_smap21" .
   [0 0 0 0 0 0 0 0 1 0])
  ("get_pos3" .
   [1 0 0 0 0 0 0 0])
  ("main" .
   [2 0 0 0])
  ("print_help" .
   [0 0 0 0 0 0 1 0 0 0])
  ("t_my_tetris" .
   [0 0 0 1 0 2 0 0 0 0 0])
  ("my_strcmp" .
   [3 0 0 0 0 0 0 0 0])
  ("dist_to_plane" .
   [0 0 0 0 1 0 0 0 0 0 0 0 0])
  ("my_puterr" .
   [6 0 0 0 0 0 0 0 0])
  ("export" .
   [1 0 0 0 0 0])
  ("usleep" .
   [2 0 0 0 0 0])
  ("2000" .
   [1 0 0 0])
  ("res" .
   [2 0 0])
  ("player" .
   [1 0 0 0 0 0])
  ("check_entry2" .
   [1 0 0 0 0 0 0 0 0 0 0 0])
  ("do_ia2" .
   [1 0 0 0 0 0])
  ("rnd" .
   [2 0 0])
  ("check_err" .
   [1 0 0 0 0 0 0 0 0])
  ("do_m2" .
   [1 0 0 0 0])))
